0.000000000000000000e+00 1.000000000000000000e+00 0.000000000000000000e+00 0.000000000000000000e+00 0.000000000000000000e+00
7.256718511888923719e-04 9.999486682404549187e-01 1.590390653033328843e-08 2.132601889795121363e-06 4.918325374885506457e-05
1.451343702377784744e-03 9.997964262853746842e-01 6.372054723088879670e-08 8.424958230879309252e-06 1.950850358474167572e-04
2.177015553566677333e-03 9.995485589935089177e-01 1.437402216157620323e-07 1.862368502165234228e-05 4.326735812479826429e-04
2.902687404755569488e-03 9.992135853945069979e-01 2.563700033189968660e-07 3.236378127191422339e-05 7.537944542173186102e-04
3.628359255944461643e-03 9.988027098887525268e-01 4.020348693486267316e-07 4.919298211217687500e-05 1.147695094265970906e-03
4.354031107133354665e-03 9.983291231528826914e-01 5.810689431833468775e-07 6.860039429634519489e-05 1.601695383877660764e-03
5.079702958322246387e-03 9.978072220223257460e-01 7.936196195956187748e-07 9.004676057509095662e-05 2.101937597479668074e-03
5.805374809511138975e-03 9.972518224740376525e-01 1.039585096771316783e-06 1.129934762697411412e-04 2.634144464595315500e-03
6.531046660700031564e-03 9.966774354059552143e-01 1.318599326695401826e-06 1.369275935162570955e-04 3.184318401201817646e-03
7.256718511888923286e-03 9.960976620473372956e-01 1.630068915027748660e-06 1.613805664675304924e-04 3.739327317280077400e-03
7.982390363077816742e-03 9.955247466244958598e-01 1.973256092119414480e-06 1.859394020647584769e-04 4.287340717347678382e-03
8.708062214266709331e-03 9.949693013667486596e-01 2.347392830694347000e-06 2.102500666211980750e-04 4.818101173799297851e-03
9.433734065455601919e-03 9.944401965040926550e-01 2.751805462185891728e-06 2.340142476216727047e-04 5.323037442823721349e-03
1.015940591664449277e-02 9.939445888316712496e-01 3.186027845574597260e-06 2.569816319540052778e-04 5.795243508529486151e-03
1.088507776783338536e-02 9.934880492074046332e-01 3.649884247152677812e-06 2.789405116045107452e-04 6.229360396743699284e-03
1.161074961902227795e-02 9.930747434046138800e-01 4.143529536047459895e-06 2.997096229856041844e-04 6.621403442864802653e-03
1.233642147021117054e-02 9.927076222198757405e-01 4.667442394352677235e-06 3.191336355631859377e-04 6.968576702166852203e-03
1.306209332140006313e-02 9.923885846688285106e-01 5.222375187353594810e-06 3.370837134822740871e-04 7.269109242501972656e-03
1.378776517258895572e-02 9.921185906617843164e-01 5.809270462629792938e-06 3.534632649807460994e-04 7.522136802772134805e-03
1.451343702377784657e-02 9.918977143919008865e-01 6.429157771678956643e-06 3.682176264673257707e-04 7.727638823859754071e-03
1.523910887496673916e-02 9.917251442868963984e-01 7.083045170101931888e-06 3.813452922476939832e-04 7.886427375685877914e-03
1.596478072615563348e-02 9.915991474616778767e-01 7.771817392110913302e-06 3.929076646314073754e-04 8.000173056298711532e-03
1.669045257734452434e-02 9.915170243829729557e-01 8.496147895880944390e-06 4.030343397729698818e-04 8.071445129358178691e-03
1.741612442853341866e-02 9.914750819359094969e-01 9.256425868630937303e-06 4.119216902294359868e-04 8.103739947992447124e-03
1.814179627972230952e-02 9.914686502251378597e-01 1.005269337919864291e-05 4.198238094523213011e-04 8.101473272030808997e-03
1.886746813091120384e-02 9.914921611105651511e-01 1.088458371596460646e-05 4.270364503076598626e-04 8.069917855411340088e-03
1.959313998210009469e-02 9.915392962130081811e-01 1.175125070155006514e-05 4.338760472297173475e-04 8.015076489060728865e-03
2.031881183328898555e-02 9.916032008115637231e-01 1.265128089715862466e-05 4.406569121021968209e-04 7.943490995436640334e-03
2.104448368447787987e-02 9.916767495546270350e-01 1.358258582150018937e-05 4.476700091520696744e-04 7.861997850399499860e-03
2.177015553566677072e-02 9.917528417711299893e-01 1.454227872468682682e-05 4.551662950542189712e-04 7.777449655091092130e-03
2.249582738685566158e-02 9.918246994630591784e-01 1.552654874599817202e-05 4.633465946856423151e-04 7.696427393509027055e-03
2.322149923804455590e-02 9.918861402955814199e-01 1.653055280966947619e-05 4.723586485029815461e-04 7.624970503105713351e-03
2.394717108923344676e-02 9.919318010313087353e-01 1.754835062037722655e-05 4.823006481845358443e-04 7.568349969886777918e-03
2.467284294042234108e-02 9.919572933096626466e-01 1.857290906042521723e-05 4.932295671593581914e-04 7.530904214117354646e-03
2.539851479161123540e-02 9.919592824248680829e-01 1.959619821958105538e-05 5.051720708354401823e-04 7.515949306076527905e-03
2.612418664280012626e-02 9.919354894549238244e-01 2.060939218526048922e-05 5.181357889223525475e-04 7.525765363968563854e-03
2.684985849398901711e-02 9.918846262648070011e-01 2.160317461564670630e-05 5.321191495057894273e-04 7.561651411071798091e-03
2.757553034517791143e-02 9.918062802014989687e-01 2.256813402807896735e-05 5.471186335858690747e-04 7.624033030886894283e-03
2.830120219636680229e-02 9.917007697213005013e-01 2.349521942658477282e-05 5.631330173302849431e-04 7.712602041942378216e-03
2.902687404755569314e-02 9.915689932411028140e-01 2.437621643952611047e-05 5.801647717739330480e-04 7.826465770683807902e-03
2.975254589874458747e-02 9.914122912084319950e-01 2.520420022265213255e-05 5.982191938029087115e-04 7.964285397542510830e-03
3.047821774993347832e-02 9.912323362308804731e-01 2.597392542597209381e-05 6.173020217768094339e-04 8.124387821916816133e-03
3.120388960112237264e-02 9.910310589598869679e-01 2.668212496085383865e-05 6.374162720107369841e-04 8.304842643141584907e-03
3.192956145231126697e-02 9.908106094312402190e-01 2.732770542109273250e-05 6.585588826395304260e-04 8.503503980699022788e-03
3.265523330350015435e-02 9.905733460370098609e-01 2.791184357738070334e-05 6.807175496502539764e-04 8.718024569762250833e-03
3.338090515468904868e-02 9.903218385617786890e-01 2.843800093809843295e-05 7.038679626443418999e-04 8.945855474638999064e-03
3.410657700587793606e-02 9.900588688706543072e-01 2.891187879724815881e-05 7.279715479468277768e-04 9.184247702601540733e-03
3.483224885706683732e-02 9.897874135393993633e-01 2.934133367583192532e-05 7.529738183547847507e-04 9.430271308569999900e-03
3.555792070825573165e-02 9.895105969555051395e-01 2.973626433961705729e-05 7.788034849943039446e-04 9.680863295160888407e-03
3.628359255944461903e-02 9.892316104321117187e-01 3.010847013132165312e-05 8.053725512004233575e-04 9.932908546556715526e-03
3.700926441063351335e-02 9.889536012436490608e-01 3.047147011042436750e-05 8.325776201042470659e-04 1.018334966613615444e-02
3.773493626182240768e-02 9.886795433978200487e-01 3.084026654640274355e-05 8.603025674356935566e-04 1.042931376819792796e-02
3.846060811301129506e-02 9.884121075867741135e-01 3.123103617135687752e-05 8.884225579286553556e-04 1.066823881912597194e-02
3.918627996420018939e-02 9.881535497285952596e-01 3.166073803833219539e-05 9.168091548485729665e-04 1.089798037851787312e-02
3.991195181538908371e-02 9.879056352363924098e-01 3.214663624825500268e-05 9.453360475683707546e-04 1.111688207979133133e-02
4.063762366657797109e-02 9.876696100475417239e-01 3.270574691062948887e-05 9.738847620644139075e-04 1.132379944348294726e-02
4.136329551776686542e-02 9.874462208599665836e-01 3.335422930034744689e-05 1.002349664715826037e-03 1.151807524601744688e-02
4.208896736895575974e-02 9.872357779315642512e-01 3.410674975685590603e-05 1.030641633670324655e-03 1.169947368500833668e-02
4.281463922014464712e-02 9.870382463001836637e-01 3.497585272622681830e-05 1.058689941827500565e-03 1.186808790526222221e-02
4.354031107133354145e-02 9.868533470365221660e-01 3.597137619019832118e-05 1.086442143631096780e-03 1.202423944365611785e-02
4.426598292252243577e-02 9.866806499438519618e-01 3.709994827892456644e-05 1.113862051346884395e-03 1.216838805652231507e-02
4.499165477371132316e-02 9.865196427241241794e-01 3.836459780030340033e-05 1.140926190414987603e-03 1.230106648765994133e-02
4.571732662490021748e-02 9.863697679149127095e-01 3.976450375034535950e-05 1.167619398807032268e-03 1.242284818252951603e-02
4.644299847608911180e-02 9.862304262566369273e-01 4.129489830528841902e-05 1.193930436725698738e-03 1.253434840833201995e-02
4.716867032727799919e-02 9.861009519630771214e-01 4.294712565185489510e-05 1.219848552304315719e-03 1.263625235896658969e-02
4.789434217846689351e-02 9.859805704153057349e-01 4.470884677709956298e-05 1.245361866126439834e-03 1.272935887179050228e-02
4.862001402965579477e-02 9.858683514293555827e-01 4.656436941789923517e-05 1.270458174593362905e-03 1.281462602663338210e-02
4.934568588084468216e-02 9.857631713652658112e-01 4.849507423791299279e-05 1.295128345350990634e-03 1.289320521514524323e-02
5.007135773203357648e-02 9.856636952585985378e-01 5.047990466653962002e-05 1.319371941408969615e-03 1.296645289532530332e-02
5.079702958322247081e-02 9.855683864033145669e-01 5.249589014501851794e-05 1.343204153640198623e-03 1.303591355290043517e-02
5.152270143441135819e-02 9.854755460387264465e-01 5.451868077793471900e-05 1.366662657962608267e-03 1.310327262253315611e-02
5.224837328560025251e-02 9.853833806814438212e-01 5.652308325773586396e-05 1.389812763951654359e-03 1.317028347134656906e-02
5.297404513678914684e-02 9.852900899118480771e-01 5.848359931917171222e-05 1.412749286576028785e-03 1.323867720225656124e-02
5.369971698797803422e-02 9.851939637837218156e-01 6.037497495892111323e-05 1.435594002074597978e-03 1.331006723924433623e-02
5.442538883916692855e-02 9.850934770925627859e-01 6.217276936806193533e-05 1.458488313090463249e-03 1.338586182497917589e-02
5.515106069035582287e-02 9.849873679052183473e-01 6.385394769312723409e-05 1.481581723724891908e-03 1.346719642336307796e-02
5.587673254154471025e-02 9.848746900580646058e-01 6.539749372113213101e-05 1.505017707209081431e-03 1.355489474100507637e-02
5.660240439273360458e-02 9.847548333928262121e-01 6.678503005014439840e-05 1.528919293968713199e-03 1.364946228315546198e-02
5.732807624392249890e-02 9.846275105705502018e-01 6.800142643866821960e-05 1.553377000488816986e-03 1.375111100252246303e-02
5.805374809511138628e-02 9.844927144278788900e-01 6.903537318757806780e-05 1.578441441335126302e-03 1.385980875759846263e-02
5.877941994630028061e-02 9.843506540713453656e-01 6.987989593410410009e-05 1.604122143139493457e-03 1.397534388958118420e-02
5.950509179748917493e-02 9.842016805273602342e-01 7.053279027487694601e-05 1.630392882265452358e-03 1.409739380009959742e-02
6.023076364867806232e-02 9.840462134300275165e-01 7.099695733452005724e-05 1.657202572659287158e-03 1.422558703997879419e-02
6.095643549986695664e-02 9.838846789959848627e-01 7.128062268210738238e-05 1.684489640110462851e-03 1.435955074122268436e-02
6.168210735105585096e-02 9.837174668120493015e-01 7.139741968622473204e-05 1.712197181496477941e-03 1.449893858676823410e-02
6.240777920224474529e-02 9.835449093733719117e-01 7.136631505878372988e-05 1.740286150773509956e-03 1.464343816079619054e-02
6.313345105343363961e-02 9.833672845449054067e-01 7.121135134325682205e-05 1.768744318262848846e-03 1.479275978548811633e-02
6.385912290462253393e-02 9.831848377788092730e-01 7.096118181409256324e-05 1.797589663053886797e-03 1.494661137632263478e-02
6.458479475581141438e-02 9.829978184162552202e-01 7.064838072628569488e-05 1.826867942422432224e-03 1.510466526059567154e-02
6.531046660700030870e-02 9.828065229233783340e-01 7.030852761578791112e-05 1.856645185703661516e-03 1.526652336330202100e-02
6.603613845818920303e-02 9.826113374662871491e-01 6.997908760375839662e-05 1.886996589484489376e-03 1.543168685662440510e-02
6.676181030937809735e-02 9.824127727258257226e-01 6.969813705854585064e-05 1.917993658334986567e-03 1.559953547878079223e-02
6.748748216056697780e-02 9.822114851568278793e-01 6.950301005628272625e-05 1.949691464075766455e-03 1.576932036904004492e-02
6.821315401175587212e-02 9.820082808535334218e-01 6.942895937053027004e-05 1.982117684073112646e-03 1.594017250302302846e-02
6.893882586294476644e-02 9.818041005925299824e-01 6.950793049227971395e-05 2.015264735403643915e-03 1.611112674157417352e-02
6.966449771413367464e-02 9.815999872237752832e-01 6.976753560199734888e-05 2.049085918465459906e-03 1.628115932215756442e-02
7.039016956532256897e-02 9.813970390541066902e-01 7.023028800852331778e-05 2.083496038370382178e-03 1.644923461951444676e-02
7.111584141651146329e-02 9.811963548878266383e-01 7.091312186842884486e-05 2.118376474237193292e-03 1.661435551606784203e-02
7.184151326770034374e-02 9.809989776549004059e-01 7.182718439108259131e-05 2.153584121255265431e-03 1.677561103945281532e-02
7.256718511888923806e-02 9.808058438319267047e-01 7.297785507013244586e-05 2.188963094956370824e-03 1.693221521804708432e-02
7.329285697007813238e-02 9.806177450106229321e-01 7.436492406306187647e-05 2.224357667902918459e-03 1.708353239741123089e-02
7.401852882126702671e-02 9.804353060177695145e-01 7.598285357091133171e-05 2.259624723779472995e-03 1.722908640488017215e-02
7.474420067245592103e-02 9.802589811760485938e-01 7.782105414197800939e-05 2.294644138316724157e-03 1.736855363149279741e-02
7.546987252364481535e-02 9.800890670820689987e-01 7.986413127305136851e-05 2.329325924887497463e-03 1.750174286177047858e-02
7.619554437483369580e-02 9.799257272989684298e-01 8.209209125531141227e-05 2.363613622859848853e-03 1.762856698691606452e-02
7.692121622602259012e-02 9.797690222733509424e-01 8.448053030535857661e-05 2.397484108598639269e-03 1.774901308774480893e-02
7.764688807721148445e-02 9.796189370793167983e-01 8.700085856734178806e-05 2.430944608856593168e-03 1.786311745325920575e-02
7.837255992840037877e-02 9.794754004266039704e-01 8.962062404681377570e-05 2.464028060086116256e-03 1.797095088926353376e-02
7.909823177958927309e-02 9.793382905262913996e-01 9.230399855973495397e-05 2.496788010808866608e-03 1.807261746433986779e-02
7.982390363077816742e-02 9.792074263752472696e-01 9.501247008562039090e-05 2.529294010756924071e-03 1.816826714391032993e-02
8.054957548196704786e-02 9.790825461719430134e-01 9.770575818797057755e-05 2.561627953706279662e-03 1.825812011616260305e-02
8.127524733315594219e-02 9.789632773339548288e-01 1.003429372241911412e-04 2.593881288837035157e-03 1.834249843998463081e-02
8.200091918434483651e-02 9.788491045130870427e-01 1.028837210063397804e-04 2.626152561294013959e-03 1.842185920461218360e-02
8.272659103553373083e-02 9.787393428164877784e-01 1.052898358274284563e-04 2.658544529889299204e-03 1.849682281779550103e-02
8.345226288672262516e-02 9.786331230176540386e-01 1.075263886840105415e-04 2.691160202840533165e-03 1.856819039082129030e-02
8.417793473791151948e-02 9.785293939377578409e-01 1.095631268120676770e-04 2.724097495005170077e-03 1.863694544042499707e-02
8.490360658910039993e-02 9.784269446604821896e-01 1.113754869799059549e-04 2.757442723355854088e-03 1.870423712918213924e-02
8.562927844028929425e-02 9.783244462632120220e-01 1.129453515225449154e-04 2.791263666218235517e-03 1.877134471904706378e-02
8.635495029147818857e-02 9.782205098396801191e-01 1.142614627366613623e-04 2.825603276956203946e-03 1.883962542062724357e-02
8.708062214266708290e-02 9.781137552358792897e-01 1.153194926781725221e-04 2.860475277008026236e-03 1.891044999443395463e-02
8.780629399385597722e-02 9.780028834423583062e-01 1.161218118338678938e-04 2.895862729351203479e-03 1.898513201645646298e-02
8.853196584504487154e-02 9.778867451149216850e-01 1.166770363348929745e-04 2.931720331887982013e-03 1.906485751685567040e-02
8.925763769623375199e-02 9.777643982233248376e-01 1.169994504446742454e-04 2.967980620468073025e-03 1.915062170576250014e-02
8.998330954742264631e-02 9.776351492584210989e-01 1.171083956767666377e-04 3.004563603218434863e-03 1.924317874268367465e-02
9.070898139861154064e-02 9.774985745909281487e-01 1.170276939244538307e-04 3.041388655149040391e-03 1.934300905999846582e-02
9.143465324980043496e-02 9.773545211804244293e-01 1.167851388621792024e-04 3.078386908236970670e-03 1.945030677247589629e-02
9.216032510098932928e-02 9.772030884461638811e-01 1.164120577997921024e-04 3.115512024773125360e-03 1.956498747126315940e-02
9.288599695217822361e-02 9.770445952177561066e-01 1.159429210117663599e-04 3.152747282064650731e-03 1.968671457916804438e-02
9.361166880336710405e-02 9.768795368704259463e-01 1.154149579635396062e-04 3.190107408112828440e-03 1.981494076349711586e-02
9.433734065455599838e-02 9.767085378958026975e-01 1.148677287760983845e-04 3.227634561011397119e-03 1.994895981440935467e-02
9.506301250574489270e-02 9.765323044940420472e-01 1.143425955638371628e-04 3.265389067745916567e-03 2.008796384264792748e-02
9.578868435693378702e-02 9.763515807362607157e-01 1.138820444889557509e-04 3.303436739107365461e-03 2.023110048014294463e-02
9.651435620812268135e-02 9.761671108464007318e-01 1.135288268651049245e-04 3.341835422795346941e-03 2.037752490393892127e-02
9.724002805931158955e-02 9.759796093883509327e-01 1.133249147141526087e-04 3.380623680827419316e-03 2.052644201610731231e-02
9.796569991050046999e-02 9.757897405894067067e-01 1.133102984840064434e-04 3.419813981843851294e-03 2.067713513026528047e-02
9.869137176168936432e-02 9.755981075384667633e-01 1.135216864662596766e-04 3.459391697924168139e-03 2.082897907714305677e-02
9.941704361287825864e-02 9.754052514284998754e-01 1.139911906267144733e-04 3.499319784313746629e-03 2.098143759655968568e-02
1.001427154640671530e-01 9.752116603006382167e-01 1.147450963058711961e-04 3.539547679267413677e-03 2.113404692378842431e-02
1.008683873152560473e-01 9.750177858917362661e-01 1.158028098807070130e-04 3.580022033960151943e-03 2.128638926442258036e-02
1.015940591664449416e-01 9.748240662354955566e-01 1.171760593791127693e-04 3.620696576636934453e-03 2.143806112848818321e-02
1.023197310176338221e-01 9.746309507204410361e-01 1.188683932525746160e-04 3.661538755918510284e-03 2.158864213038759819e-02
1.030454028688227164e-01 9.744389235483522649e-01 1.208749899742545317e-04 3.702531652769092910e-03 2.173766980890472905e-02
1.037710747200116107e-01 9.742485212267354422e-01 1.231827632095634469e-04 3.743670749550924957e-03 2.188462526050342222e-02
1.044967465712005050e-01 9.740603401437130104e-01 1.257707279255141470e-04 3.784956223082243561e-03 2.202893290527908887e-02
1.052224184223893994e-01 9.738750315730889673e-01 1.286105820987747843e-04 3.826382263069576673e-03 2.216997558174263472e-02
1.059480902735782937e-01 9.736932835571084910e-01 1.316674552278815390e-04 3.867925385693674837e-03 2.230712360197013161e-02
1.066737621247671741e-01 9.735157916276969692e-01 1.349007782126490521e-04 3.909533806365389150e-03 2.243977378772438538e-02
1.073994339759560684e-01 9.733432226243913243e-01 1.382652400393214734e-04 3.951119735188563138e-03 2.256739240038110536e-02
1.081251058271449628e-01 9.731761772501978935e-01 1.417118142976973448e-04 3.992556078490077688e-03 2.268955485701467517e-02
1.088507776783338571e-01 9.730151569497705877e-01 1.451888578078761429e-04 4.033678565406284902e-03 2.280597562701524791e-02
1.095764495295227514e-01 9.728605390715138190e-01 1.486432960145676278e-04 4.074293811332120076e-03 2.291652382113933822e-02
1.103021213807116457e-01 9.727125614780306462e-01 1.520219080551447356e-04 4.114193267291492255e-03 2.302122334662266151e-02
1.110277932319005262e-01 9.725713146411066878e-01 1.552727076132851328e-04 4.153172352111590866e-03 2.312024029916777759e-02
1.117534650830894205e-01 9.724367368419263302e-01 1.583463901656739575e-04 4.191053317115795568e-03 2.321386345079162056e-02
1.124791369342783148e-01 9.723086072825108950e-01 1.611977925457534668e-04 4.227709614829408373e-03 2.330248531011396007e-02
1.132048087854672092e-01 9.721865331115867592e-01 1.637872942670084747e-04 4.263088878208845002e-03 2.338659071593732902e-02
1.139304806366561035e-01 9.720699293482889525e-01 1.660820845094166222e-04 4.297231260083841931e-03 2.346675730711784633e-02
1.146561524878449978e-01 9.719579946322899344e-01 1.680572233874445766e-04 4.330280015782521710e-03 2.354366812854045282e-02
1.153818243390338782e-01 9.718496894715978884e-01 1.696964394504340461e-04 4.362481929207286287e-03 2.361813215974413113e-02
1.161074961902227726e-01 9.717437260295292978e-01 1.709926257997383019e-04 4.394176434581666298e-03 2.369110491008921682e-02
1.168331680414116669e-01 9.716385786663568336e-01 1.719480224909396672e-04 4.425773871892936355e-03 2.376369943925915953e-02
1.175588398926005612e-01 9.715325221970808611e-01 1.725740988634185552e-04 4.457724929509491660e-03 2.383717877454621242e-02
1.182845117437894555e-01 9.714237005748539433e-01 1.728911703368683848e-04 4.490484652257500063e-03 2.391292360255124760e-02
1.190101835949783499e-01 9.713102234239591182e-01 1.729277947411976492e-04 4.524475181240976245e-03 2.399237360005879172e-02
1.197358554461672303e-01 9.711902827377529857e-01 1.727199911633109288e-04 4.560051527672104657e-03 2.407694574341122384e-02
1.204615272973561246e-01 9.710622782330701197e-01 1.723103119639501240e-04 4.597474189401098803e-03 2.416793726556445976e-02
1.211871991485450190e-01 9.709249380196707246e-01 1.717467827291099260e-04 4.636891422007193703e-03 2.426642377559257852e-02
1.219128709997339133e-01 9.707774215593147904e-01 1.710817142718618555e-04 4.678332657642880581e-03 2.437316406877051284e-02
1.226385428509228076e-01 9.706193940011408339e-01 1.703703924735142019e-04 4.721713120843203278e-03 2.448852248554236541e-02
1.233642147021117019e-01 9.704510642202307524e-01 1.696696669474849289e-04 4.766848310822617389e-03 2.461241780199882254e-02
1.240898865533005824e-01 9.702731825408740240e-01 1.690364815078035854e-04 4.813475877144585482e-03 2.474430510047346404e-02
1.248155584044894906e-01 9.700869976781401061e-01 1.685264060521861026e-04 4.861281656740030696e-03 2.488319425906796237e-02
1.255412302556783988e-01 9.698941756816177318e-01 1.681922299036987041e-04 4.909926370069716411e-03 2.502770571840892688e-02
1.262669021068672792e-01 9.696966866826720599e-01 1.680826587967042631e-04 4.959069735763359070e-03 2.517616092276800735e-02
1.269925739580561597e-01 9.694966681689241028e-01 1.682411307345910579e-04 5.008389519608328830e-03 2.532670118073270665e-02
1.277182458092450679e-01 9.692962762920949160e-01 1.687047454390164930e-04 5.057594161613192772e-03 2.547742480085252864e-02
1.284439176604339483e-01 9.690975389719236333e-01 1.695033003288187734e-04 5.106428921683192970e-03 2.562652880606449898e-02
1.291695895116228288e-01 9.689022256098180907e-01 1.706584441510909786e-04 5.154676696121344992e-03 2.577243924990920212e-02
1.298952613628117370e-01 9.687117473576947191e-01 1.721829870681947572e-04 5.202155524698156425e-03 2.591391413053928394e-02
1.306209332140006174e-01 9.685270987100261797e-01 1.740804274110178333e-04 5.248715130448239168e-03 2.605010573211454308e-02
1.313466050651895256e-01 9.683488459072486787e-01 1.763447582398265754e-04 5.294234533610018244e-03 2.618057480090120459e-02
1.320722769163784061e-01 9.681771611047708115e-01 1.789605986203471745e-04 5.338621944160109462e-03 2.630525635244817390e-02
1.327979487675673143e-01 9.680118947478786318e-01 1.819036621199496577e-04 5.381817010067853346e-03 2.642438457993381840e-02
1.335236206187561947e-01 9.678526734105251661e-01 1.851415402564334433e-04 5.423794421337193444e-03 2.653839062788165143e-02
1.342492924699451029e-01 9.676990074633322614e-01 1.886347514733020120e-04 5.464567172070111667e-03 2.664779061312416014e-02
1.349749643211339556e-01 9.675503926974768909e-01 1.923379904292033850e-04 5.504187671267485836e-03 2.675308164082659812e-02
1.357006361723228638e-01 9.674063922053348641e-01 1.962015055936261433e-04 5.542745383920909784e-03 2.685466090515056803e-02
1.364263080235117442e-01 9.672666887388422507e-01 2.001725306178277599e-04 5.580360603460631647e-03 2.695277812707902454e-02
1.371519798747006524e-01 9.671311026029600910e-01 2.041966940825920139e-04 5.617175011709193803e-03 2.704752569124803038e-02
1.378776517258895329e-01 9.669995751313520405e-01 2.082193345666273252e-04 5.653340566976114250e-03 2.713886496710531809e-02
1.386033235770784411e-01 9.668721223601999260e-01 2.121866580483184499e-04 5.689008750530743196e-03 2.722668223122073558e-02
1.393289954282673493e-01 9.667487672839851776e-01 2.160466967512246256e-04 5.724322201512420903e-03 2.731086381775124639e-02
1.400546672794562297e-01 9.666294617813343537e-01 2.197500636486621618e-04 5.759410308600786815e-03 2.739137784641595963e-02
1.407803391306451379e-01 9.665140106986496171e-01 2.232505407974809126e-04 5.794389516787697321e-03 2.746834924376501813e-02
1.415060109818340184e-01 9.664020104117126975e-01 2.265055828841749279e-04 5.829368108850433577e-03 2.754211589655248399e-02
1.422316828330229266e-01 9.662928122327916203e-01 2.294768462921340782e-04 5.864454216580938795e-03 2.761325670433455864e-02
1.429573546842118070e-01 9.661855172945222892e-01 2.321308551588734982e-04 5.899765000710978542e-03 2.768258684960803531e-02
1.436830265354006875e-01 9.660790044426756928e-01 2.344398821647111493e-04 5.935434496078751711e-03 2.775112117908098974e-02
1.444086983865895679e-01 9.659719871186407403e-01 2.363830578568046369e-04 5.971617686555352744e-03 2.782001213694717742e-02
1.451343702377784761e-01 9.658630904329500444e-01 2.379476446285271702e-04 6.008488990544814771e-03 2.789047293187650600e-02
1.458600420889673566e-01 9.657509367622998386e-01 2.391303413451915287e-04 6.046234407458913988e-03 2.796369848889588422e-02
1.465857139401562648e-01 9.656342278703116122e-01 2.399384387676748950e-04 6.085037877186143772e-03 2.804079581373416716e-02
1.473113857913451452e-01 9.655118136519493799e-01 2.403906316192001868e-04 6.125063644866847457e-03 2.812273207156458163e-02
1.480370576425340534e-01 9.653827413925802903e-01 2.405173101215526662e-04 6.166437320258529205e-03 2.821030397703895923e-02
1.487627294937229339e-01 9.652462838560166292e-01 2.403601989566112864e-04 6.209228684094799701e-03 2.830412726093159761e-02
1.494884013449118421e-01 9.651019485364793482e-01 2.399712803110528626e-04 6.253439070519505559e-03 2.840464111268974773e-02
1.502140731961007225e-01 9.649494732466575853e-01 2.394110216179199128e-04 6.298995429045420660e-03 2.851212030267877978e-02
1.509397450472896307e-01 9.647888144417837708e-01 2.387460141982628665e-04 6.345752120169753999e-03 2.862668742384802054e-02
1.516654168984785112e-01 9.646201342502785936e-01 2.380462003370117951e-04 6.393500338033093582e-03 2.874831921135084789e-02
1.523910887496673916e-01 9.644437904028639874e-01 2.373819116099137459e-04 6.441983974143043225e-03 2.887684371138233078e-02
1.531167606008562720e-01 9.642603307053242423e-01 2.368209575077684121e-04 6.490919883714496921e-03 2.901192845345357263e-02
1.538424324520451802e-01 9.640704910829153151e-01 2.364259952786663271e-04 6.540019986667462357e-03 2.915306293513856423e-02
1.545681043032340607e-01 9.638751941563943326e-01 2.362523855254907638e-04 6.589012484326064491e-03 2.929954097375364261e-02
1.552937761544229689e-01 9.636755441832269842e-01 2.363466945228908213e-04 6.637659717674089174e-03 2.945044940457571675e-02
1.560194480056118493e-01 9.634728141404025337e-01 2.367459388605215641e-04 6.685770801430933503e-03 2.960466911930536432e-02
1.567451198568007575e-01 9.632684216619313844e-01 2.374775774010158243e-04 6.733208044065169123e-03 2.976089271660247587e-02
1.574707917079896380e-01 9.630638922767993382e-01 2.385601465977836555e-04 6.779887148868306637e-03 2.991766042773491910e-02
1.581964635591785462e-01 9.628608106283168544e-01 2.400043291314183692e-04 6.825772094926946428e-03 3.007341294762494802e-02
1.589221354103674266e-01 9.626607626827367037e-01 2.418141720506601763e-04 6.870866247737996563e-03 3.022655689747466221e-02
1.596478072615563348e-01 9.624652738384457118e-01 2.439881542121567120e-04 6.915201544167519365e-03 3.037553646317429912e-02
1.603734791127451875e-01 9.622757488202913212e-01 2.465198531267323470e-04 6.958827525716229125e-03 3.051890380086550933e-02
1.610991509639340957e-01 9.620934189804601910e-01 2.493980683433355073e-04 7.001801633223000282e-03 3.065538131797367408e-02
1.618248228151229762e-01 9.619193011784723524e-01 2.526063976235778897e-04 7.044181653222866477e-03 3.078391077068067319e-02
1.625504946663118844e-01 9.617541701920890862e-01 2.561224026296653514e-04 7.086020660671577508e-03 3.090368674460954035e-02
1.632761665175007648e-01 9.615985442304394448e-01 2.599166131763558374e-04 7.127364351711244946e-03 3.101417480467301771e-02
1.640018383686896730e-01 9.614526811504285897e-01 2.639516798094691959e-04 7.168250378413846408e-03 3.111511679134778066e-02
1.647275102198785535e-01 9.613165817698322568e-01 2.681819796253782527e-04 7.208709211003522591e-03 3.120652703953911977e-02
1.654531820710674617e-01 9.611899963347007025e-01 2.725539089715195581e-04 7.248766140482543370e-03 3.128868361584537933e-02
1.661788539222563421e-01 9.610724306948310591e-01 2.770069735976387042e-04 7.288444232424189095e-03 3.136211809914743465e-02
1.669045257734452503e-01 9.609631499846107427e-01 2.814756404737509096e-04 7.327768256231467596e-03 3.142760611868365000e-02
1.676301976246341585e-01 9.608611794855694832e-01 2.858917809262003645e-04 7.366769738054147754e-03 3.148615899545029184e-02
1.683558694758230390e-01 9.607653046436362976e-01 2.901874425852336175e-04 7.405493235178665576e-03 3.153901467859965280e-02
1.690815413270119472e-01 9.606740745190618380e-01 2.942976544989322151e-04 7.444003673845135324e-03 3.158762415259407097e-02
1.698072131782007999e-01 9.605858146697935362e-01 2.981629949226016437e-04 7.482394171210761565e-03 3.163362816407299521e-02
1.705328850293897081e-01 9.604986559819751468e-01 3.017317203074144786e-04 7.520793278935051715e-03 3.167881901878248641e-02
1.712585568805785885e-01 9.604105848121521349e-01 3.049613458743062697e-04 7.559370176978642830e-03 3.172508366499478261e-02
1.719842287317674967e-01 9.603195169022583633e-01 3.078196615449508471e-04 7.598336144564041099e-03 3.177432729163190417e-02
1.727099005829563771e-01 9.602233932213180001e-01 3.102852439762481549e-04 7.637940742422766674e-03 3.182838079228288153e-02
1.734355724341452853e-01 9.601202909457211554e-01 3.123475737303027782e-04 7.678461610427464792e-03 3.188889987012143157e-02
1.741612442853341658e-01 9.600085382770201514e-01 3.140068816452801941e-04 7.720187611586826204e-03 3.195726722974748940e-02
1.748869161365230740e-01 9.598868188588687289e-01 3.152738342867647016e-04 7.763396157380054834e-03 3.203451114946434530e-02
1.756125879877119544e-01 9.597542511329943959e-01 3.161691351753518568e-04 7.808326766971707480e-03 3.212125296485834197e-02
1.763382598389008626e-01 9.596104305028505532e-01 3.167230771160428095e-04 7.855154006280064619e-03 3.221769241375328080e-02
1.770639316900897431e-01 9.594554273938107336e-01 3.169750379008539438e-04 7.903963651161092022e-03 3.232363391712743395e-02
1.777896035412786513e-01 9.592897412815318825e-01 3.169728694726590187e-04 7.954735985709697130e-03 3.243854986328575940e-02
1.785152753924675040e-01 9.591142181429286317e-01 3.167720934627255101e-04 8.007339454840592743e-03 3.256167030876754714e-02
1.792409472436564122e-01 9.589299451066044533e-01 3.164347942698310986e-04 8.061536478273633594e-03 3.269208362085228997e-02
1.799666190948452926e-01 9.587381400756017635e-01 3.160281088888594538e-04 8.117001322100083141e-03 3.282883049340952486e-02
1.806922909460342008e-01 9.585400548833996615e-01 3.156222599007278327e-04 8.173347886984705379e-03 3.297097496971428121e-02
1.814179627972230813e-01 9.583369077529066971e-01 3.152881606038254259e-04 8.230163552220759113e-03 3.311764053426835552e-02
1.821436346484119895e-01 9.581298547140537636e-01 3.150947213308567829e-04 8.287044210825877943e-03 3.326800635378968779e-02
1.828693064996008699e-01 9.579200011685169436e-01 3.151060778816072521e-04 8.343625579027451333e-03 3.342126717457365864e-02
1.835949783507897781e-01 9.577084456112893163e-01 3.153790215146019663e-04 8.399606763258647690e-03 3.357656860393741505e-02
1.843206502019786586e-01 9.574963396771999369e-01 3.159609167141358660e-04 8.454763681461427774e-03 3.373293572462470608e-02
1.850463220531675668e-01 9.572849441522828240e-01 3.168883407072798589e-04 8.508951863537120991e-03 3.388921564347244231e-02
1.857719939043564472e-01 9.570756607057874232e-01 3.181865740626974221e-04 8.562099956998216882e-03 3.404405276315129042e-02
1.864976657555453277e-01 9.568700240800026569e-01 3.198699351468016526e-04 8.614196576499671965e-03 3.419590940835089132e-02
1.872233376067342081e-01 9.566696482734675655e-01 3.219428124183025823e-04 8.665273762659228551e-03 3.434313515145491491e-02
1.879490094579231163e-01 9.564761307908241639e-01 3.244011380302504102e-04 8.715390252147700231e-03 3.448407781899767016e-02
1.886746813091119968e-01 9.562909287818717186e-01 3.272339872666103853e-04 8.764617165807354546e-03 3.461722006505427163e-02
1.894003531603009050e-01 9.561152275851193538e-01 3.304249924836612337e-04 8.813027840204833846e-03 3.474131958219178751e-02
1.901260250114897854e-01 9.559498244013450163e-01 3.339533261952561420e-04 8.860692601393009918e-03 3.485552967106725353e-02
1.908516968626786936e-01 9.557950472468649261e-01 3.377941223331720061e-04 8.907678469504550292e-03 3.495948016129764302e-02
1.915773687138675740e-01 9.556507227497057499e-01 3.419183436970784761e-04 8.954053142947318925e-03 3.505330576364991402e-02
1.923030405650564822e-01 9.555161973378671902e-01 3.462922372396581459e-04 8.999892111626692920e-03 3.513761831326627644e-02
1.930287124162453627e-01 9.553904069382086472e-01 3.508766187869576201e-04 9.045287337501130287e-03 3.521342910550308292e-02
1.937543842674342709e-01 9.552719824679940519e-01 3.556262767564500596e-04 9.090355608029428505e-03 3.528203564721976021e-02
1.944800561186231791e-01 9.551593737283007313e-01 3.604897760808383443e-04 9.135244480947487394e-03 3.534489201467089919e-02
1.952057279698120318e-01 9.550509735402723521e-01 3.654098856011640415e-04 9.180133826699453728e-03 3.540348274742648876e-02
1.959313998210009400e-01 9.549452268182628822e-01 3.703247558192868235e-04 9.225231467984746844e-03 3.545921695793279732e-02
1.966570716721898204e-01 9.548407145631711002e-01 3.751698507063194743e-04 9.270762362770241030e-03 3.551335322335227168e-02
1.973827435233787286e-01 9.547362088384178103e-01 3.798805010967520120e-04 9.316952078165022938e-03 3.556695858232047230e-02
1.981084153745676091e-01 9.546307001321839847e-01 3.843948185137896576e-04 9.364006696345001865e-03 3.562089835295759871e-02
1.988340872257565173e-01 9.545234021565391913e-01 3.886566146746468211e-04 9.412092414482226693e-03 3.567584881430417576e-02
1.995597590769453977e-01 9.544137408387627364e-01 3.926179412479620574e-04 9.461318594210623226e-03 3.573232262577893947e-02
2.002854309281343059e-01 9.543013343068723620e-01 3.962409128636860782e-04 9.511727669819038111e-03 3.579069711044493424e-02
2.010111027793231864e-01 9.541859695620061865e-01 3.994985985826735833e-04 9.563294153452337604e-03 3.585123768595922106e-02
2.017367746305120946e-01 9.540675797349642551e-01 4.023749348861880432e-04 9.615933228337434149e-03 3.591411210181214009e-02
2.024624464817009750e-01 9.539462237001210543e-01 4.048637847969135343e-04 9.669517502806755302e-03 3.597939501227500475e-02
2.031881183328898832e-01 9.538220676623686556e-01 4.069674023622584153e-04 9.723898851764131365e-03 3.604706608350492780e-02
2.039137901840787359e-01 9.536953664576742762e-01 4.086946340147705080e-04 9.778931262835847960e-03 3.611700764547557535e-02
2.046394620352676441e-01 9.535664410852512374e-01 4.100591943836365185e-04 9.834490437950373434e-03 3.618900928241445408e-02
2.053651338864565246e-01 9.534356488048320033e-01 4.110783079697626985e-04 9.890486593274190608e-03 3.626278629392393205e-02
2.060908057376454328e-01 9.533033432843721622e-01 4.117719308651456109e-04 9.946868289290158871e-03 3.633801649547258039e-02
2.068164775888343132e-01 9.531698248385203076e-01 4.121626751614500110e-04 1.000361691475624114e-02 3.641439557156201517e-02
2.075421494400232214e-01 9.530352844473178875e-01 4.122764593841359774e-04 1.006073328343396432e-02 3.649170580986391133e-02
2.082678212912121019e-01 9.528997492326491958e-01 4.121438000979750840e-04 1.011821932407766869e-02 3.656988764317475882e-02
2.089934931424010101e-01 9.527630402780228325e-01 4.118015425595541925e-04 1.017605876149821863e-02 3.664909941791960613e-02
2.097191649935898905e-01 9.526247548941118026e-01 4.112947113393707987e-04 1.023420082612836596e-02 3.672974956842036537e-02
2.104448368447787987e-01 9.524842837556282138e-01 4.106780674854202881e-04 1.029255037119924075e-02 3.681248780568702889e-02
2.111705086959676791e-01 9.523408685558241160e-01 4.100169175964971297e-04 1.035096646497318459e-02 3.689814806160621186e-02
2.118961805471565873e-01 9.521936986278233261e-01 4.093867597532670536e-04 1.040926984429370317e-02 3.698764476812990004e-02
2.126218523983454400e-01 9.520420368514920240e-01 4.088714835149147883e-04 1.046725792105123592e-02 3.708183374394195819e-02
2.133475242495343482e-01 9.518853580093104005e-01 4.085600540788058644e-04 1.052472466260022041e-02 3.718135727401072899e-02
2.140731961007232287e-01 9.517234783663380826e-01 4.085418687969397762e-04 1.058148186181653329e-02 3.728649790304856826e-02
2.147988679519121369e-01 9.515566547753694371e-01 4.089012275784678781e-04 1.063737818216650179e-02 3.739706581488578402e-02
2.155245398031010173e-01 9.513856352204910216e-01 4.097115555665754860e-04 1.069231289475021558e-02 3.751234032919240763e-02
2.162502116542899255e-01 9.512116495968945262e-01 4.110301153758041254e-04 1.074624230556132237e-02 3.763107798216783900e-02
2.169758835054788060e-01 9.510363382018520717e-01 4.128939240517282071e-04 1.079917830484522501e-02 3.775158956925079440e-02
2.177015553566677142e-01 9.508616242414512643e-01 4.153174456081263613e-04 1.085117998269492789e-02 3.787187833024568961e-02
2.184272272078565946e-01 9.506895443013175795e-01 4.182923836194920339e-04 1.090234052782999320e-02 3.798982278723350009e-02
2.191528990590455028e-01 9.505220563645947474e-01 4.217895880470986418e-04 1.095277237125443122e-02 3.810338167610335253e-02
2.198785709102343833e-01 9.503608482056422613e-01 4.257627675092332995e-04 1.100259358894339901e-02 3.821079543790439903e-02
2.206042427614232915e-01 9.502071696667088174e-01 4.301534196576138483e-04 1.105191796233847938e-02 3.831075895129484876e-02
2.213299146126121442e-01 9.500617102828389227e-01 4.348962107852587591e-04 1.110085001584376271e-02 3.840254349053227878e-02
2.220555864638010524e-01 9.499245388462403961e-01 4.399239877637842818e-04 1.114948510725546210e-02 3.848605205874008894e-02
2.227812583149899606e-01 9.497951139444853474e-01 4.451717024242887754e-04 1.119791353005250394e-02 3.856180082303771461e-02
2.235069301661788410e-01 9.496723649282705626e-01 4.505787540538348161e-04 1.124622680023193953e-02 3.863082951744361421e-02
2.242326020173677492e-01 9.495548324326020806e-01 4.560895682104047430e-04 1.129452394877366803e-02 3.869455405041358903e-02
2.249582738685566297e-01 9.494408482126952542e-01 4.616525707153987181e-04 1.134291575204358048e-02 3.875458346454619535e-02
2.256839457197455379e-01 9.493287274854464997e-01 4.672180197817760281e-04 1.139152538096789916e-02 3.881252911380362464e-02
2.264096175709344183e-01 9.492169446837640523e-01 4.727353694933444559e-04 1.144048484899901248e-02 3.886983509774362411e-02
2.271352894221233265e-01 9.491042663167832405e-01 4.781509160490043323e-04 1.148992771751491254e-02 3.892765504965250978e-02
2.278609612733122070e-01 9.489898222946884232e-01 4.834064121150205757e-04 1.153997952033296998e-02 3.898679177286317604e-02
2.285866331245011152e-01 9.488731083850372450e-01 4.884391393968878217e-04 1.159074801263552945e-02 3.904770446292968322e-02
2.293123049756899956e-01 9.487539252908472331e-01 4.931836440360384865e-04 1.164231541962399037e-02 3.911057564549293847e-02
2.300379768268788760e-01 9.486322715650159498e-01 4.975750185829352044e-04 1.169473430573958993e-02 3.917541911066188542e-02
2.307636486780677565e-01 9.485082156929638408e-01 5.015533178998853037e-04 1.174802765435865697e-02 3.924220333477676514e-02
2.314893205292566647e-01 9.483817754263430544e-01 5.050684769574880547e-04 1.180219254363708628e-02 3.931096355306262086e-02
