0.000000000000000000e+00 9.999999999999991118e-01 0.000000000000000000e+00 0.000000000000000000e+00 0.000000000000000000e+00
1.451343702377784744e-03 9.997817353368906312e-01 6.312743586096212260e-08 2.181618300876677654e-04 3.970558595498666281e-08
2.902687404755569488e-03 9.991637865115965411e-01 2.542122550116730922e-07 8.357221412081567184e-04 2.371349401553466429e-07
4.354031107133354665e-03 9.982432912501287836e-01 5.765722021072409103e-07 1.755317190758957403e-03 8.149869101749949771e-07
5.805374809511138975e-03 9.971499775338971139e-01 1.031311322916094051e-06 2.846885723411110482e-03 2.105431368769094547e-06
7.256718511888923286e-03 9.960138624131310570e-01 1.614763351749662613e-06 3.980023577375244904e-03 4.499246142180836385e-06
8.708062214266709331e-03 9.949390801407507201e-01 2.319671747591575542e-06 5.050211828664255033e-03 8.388358837687394861e-06
1.015940591664449277e-02 9.939916135715474166e-01 3.139834232354447367e-06 5.991134472677398480e-03 1.411212154314593770e-05
1.161074961902227795e-02 9.932017337590929307e-01 4.075322864116319335e-06 6.772274495161065798e-03 2.191642288198620493e-05
1.306209332140006313e-02 9.925756867643993342e-01 5.134683034204633226e-06 7.387247373156523474e-03 3.193117940972679694e-05
1.451343702377784657e-02 9.921086055818867377e-01 6.332203266757996132e-06 7.840895438137632581e-03 4.416677670924274996e-05
1.596478072615563348e-02 9.917923642738415424e-01 7.681354852094075683e-06 8.141428709676807804e-03 5.852566162952091156e-05
1.741612442853341866e-02 9.916164051878726404e-01 9.187781660061947233e-06 8.299583569359192739e-03 7.482346110819630182e-05
1.886746813091120384e-02 9.915638063789482537e-01 1.084512577788931805e-05 8.332533380245371255e-03 9.281511502832932132e-05
2.031881183328898555e-02 9.916069366952682262e-01 1.263465831645231169e-05 8.268204541819753478e-03 1.122241045960698983e-04
2.177015553566677072e-02 9.917063989249224054e-01 1.452718726502505553e-05 8.146299327436512874e-03 1.327745603754884433e-04
2.322149923804455590e-02 9.918145842392490641e-01 1.648507418169384384e-05 8.014705442544053926e-03 1.542252440255239578e-04
2.467284294042234108e-02 9.918827199719394416e-01 1.846349998653394847e-05 7.922414909679749082e-03 1.764016183939787587e-04
2.612418664280012626e-02 9.918689904932485035e-01 2.041179343726183374e-05 7.911377901483072905e-03 1.992198118315974893e-04
2.757553034517791143e-02 9.917453769455607526e-01 2.227618172564336467e-05 8.009650005764718667e-03 2.226968669485078392e-04
2.902687404755569314e-02 9.915016830758937028e-01 2.400454663349399593e-05 8.227366465889483088e-03 2.469459115832787935e-04
3.047821774993347832e-02 9.911459843776133649e-01 2.555283562743207925e-05 8.556302881557242140e-03 2.721599052017512370e-04
3.192956145231126697e-02 9.907013029052159636e-01 2.689270042183386728e-05 8.973215275352783640e-03 2.985891190089524699e-04
3.338090515468904868e-02 9.901991283354530937e-01 2.802007605167091455e-05 9.446336886144898401e-03 3.265147023501422632e-04
3.483224885706683732e-02 9.896715309962100804e-01 2.896381188846209324e-05 9.943287967885013762e-03 3.562172240163888619e-04
3.628359255944461903e-02 9.891443334153089406e-01 2.979237147215029694e-05 1.043793486351911499e-02 3.879393496996436054e-04
3.773493626182240768e-02 9.886334695120413407e-01 3.061539193338119389e-05 1.091406823525843672e-02 4.218468607670315717e-04
3.918627996420018939e-02 9.881453561373754191e-01 3.157607793115496854e-05 1.136507010257654590e-02 4.579976821172351722e-04
4.063762366657797109e-02 9.876805225505452812e-01 3.283206530258244018e-05 1.179031722503626201e-02 4.963281591160713206e-04
4.208896736895575974e-02 9.872386354679552056e-01 3.452728786538376870e-05 1.219017799884886816e-02 5.366592453306523718e-04
4.354031107133354145e-02 9.868227386524403011e-01 3.676220368477155508e-05 1.256177983785531325e-02 5.787193060191684474e-04
4.499165477371132316e-02 9.864409047070807901e-01 3.957101677385403877e-05 1.289734514967323491e-02 6.221791264720266928e-04
4.644299847608911180e-02 9.861044799210690881e-01 4.291227601997893914e-05 1.318591276069188897e-02 6.666950422195604478e-04
4.789434217846689351e-02 9.858235579854691677e-01 4.667491506639823205e-05 1.341781301326929257e-02 7.119540861951156006e-04
4.934568588084468216e-02 9.856016510015219723e-01 5.069674313467530748e-05 1.358993933000304279e-02 7.577129253399102855e-04
5.079702958322247081e-02 9.854319426191620046e-01 5.478882626244838561e-05 1.370944467754911869e-02 8.038238770263159963e-04
5.224837328560025251e-02 9.852968163476500951e-01 5.875927974115635052e-05 1.379417903370162152e-02 8.502453389074887853e-04
5.369971698797803422e-02 9.851710590742744911e-01 6.243286395652088204e-05 1.386947094560274200e-02 8.970371161660323570e-04
5.515106069035582287e-02 9.850278094049296218e-01 6.566524159359773656e-05 1.396218243635176555e-02 9.443429171248419237e-04
5.660240439273360458e-02 9.848452644475582662e-01 6.835175453875871378e-05 1.409401986442986726e-02 9.923639334724668713e-04
5.805374809511138628e-02 9.846117036770584141e-01 7.043192509558360986e-05 1.427653602854988407e-02 1.041328369296002417e-03
5.950509179748917493e-02 9.843269463974960720e-01 7.189286500666468055e-05 1.450969993395730996e-02 1.091460803540300097e-03
6.095643549986695664e-02 9.839999099168489360e-01 7.277494089327941765e-05 1.478436218755431464e-02 1.142952954703277835e-03
6.240777920224474529e-02 9.836436318261660983e-01 7.318011599027425724e-05 1.508725177289570521e-02 1.195936284948228515e-03
6.385912290462253393e-02 9.832698836557217659e-01 7.327903862575949284e-05 1.540637851355949536e-02 1.250458792093072204e-03
6.531046660700030870e-02 9.828851283349818724e-01 7.331011387448089090e-05 1.573509128172128485e-02 1.306470269422319638e-03
6.676181030937809735e-02 9.824888389334703875e-01 7.356414032405522089e-05 1.607377902294896549e-02 1.363817903256332601e-03
6.821315401175587212e-02 9.820747385181310962e-01 7.435140697317988096e-05 1.642865912050093039e-02 1.422250954394632672e-03
6.966449771413367464e-02 9.816350567576299646e-01 7.595421420598564319e-05 1.680755283018898344e-02 1.481436197975295049e-03
7.111584141651146329e-02 9.811668437300955503e-01 7.857500757293983283e-05 1.721359036063030076e-02 1.540990901701722081e-03
7.256718511888923806e-02 9.806779236200124927e-01 8.229426995550186315e-05 1.763924542497351255e-02 1.600536685058594980e-03
7.401852882126702671e-02 9.801892888533733084e-01 8.705038989023999537e-05 1.806389567427355708e-02 1.659765082463291732e-03
7.546987252364481535e-02 9.797316561841249438e-01 9.264766181810103664e-05 1.845720080742863090e-02 1.718495346628509755e-03
7.692121622602259012e-02 9.793364829609862987e-01 9.879077549080427065e-05 1.878802068574109488e-02 1.776705577781654936e-03
7.837255992840037877e-02 9.790246909870503611e-01 1.051364298282138517e-04 1.903564425364065796e-02 1.834528329481011034e-03
7.982390363077816742e-02 9.787979956613801491e-01 1.113480097990839128e-04 1.919844160579299575e-02 1.892214723027697528e-03
8.127524733315594219e-02 9.786370698404944779e-01 1.171394997559364675e-04 1.929570970046349046e-02 1.950080959285890175e-03
8.272659103553373083e-02 9.785078748231402779e-01 1.222993556159250020e-04 1.936136983173314396e-02 2.008455989510339688e-03
8.417793473791151948e-02 9.783735863490791163e-01 1.266930807427540777e-04 1.943207347608377419e-02 2.067647094094360923e-03
8.562927844028929425e-02 9.782066756790794848e-01 1.302523110790642811e-04 1.953514405610152008e-02 2.127927953740029170e-03
8.708062214266708290e-02 9.779956708705974666e-01 1.329633775685318806e-04 1.968182933761655415e-02 2.189536414216918751e-03
8.853196584504487154e-02 9.777440686471418063e-01 1.348664305400772015e-04 1.986840381061524483e-02 2.252661111702546071e-03
8.998330954742264631e-02 9.774630124101357787e-01 1.360678645004426374e-04 2.008351406913438594e-02 2.317405656229888818e-03
9.143465324980043496e-02 9.771622877966037457e-01 1.367584594514538324e-04 2.031721481514951050e-02 2.383738928795062825e-03
9.288599695217822361e-02 9.768444610678695961e-01 1.372234578235308330e-04 2.056685954272383793e-02 2.451455931583077560e-03
9.433734065455599838e-02 9.765047715880669221e-01 1.378310100753222655e-04 2.083722311672425373e-02 2.520174285134240029e-03
9.578868435693378702e-02 9.761361755719977218e-01 1.389914189189603777e-04 2.113545657218944204e-02 2.589376436893744277e-03
9.724002805931158955e-02 9.757364962245794748e-01 1.410907649303935415e-04 2.146392318593395854e-02 2.658489824556005496e-03
9.869137176168936432e-02 9.753139100359420333e-01 1.444151542912363142e-04 2.181468702767935114e-02 2.726987782087127426e-03
1.001427154640671530e-01 9.748878965000434826e-01 1.490891473580008915e-04 2.216852520026171489e-02 2.794489152336334780e-03
1.015940591664449416e-01 9.744847665512939017e-01 1.550495959328661094e-04 2.249935430730195737e-02 2.860829545470862118e-03
1.030454028688227164e-01 9.741293232184999873e-01 1.620646649951943124e-04 2.278253201091473903e-02 2.926080105590397711e-03
1.044967465712005050e-01 9.738361836461619792e-01 1.697912352905971199e-04 2.300351679936841684e-02 2.990508319179218874e-03
1.059480902735782937e-01 9.736047066980012543e-01 1.778493758084842102e-04 2.316294331249613841e-02 3.054500613693812271e-03
1.073994339759560684e-01 9.734197321894501043e-01 1.858873053986375085e-04 2.327590022745511938e-02 3.118480277695847951e-03
1.088507776783338571e-01 9.732572339170986186e-01 1.936169180281468256e-04 2.336630023508556517e-02 3.182848929787132110e-03
1.103021213807116457e-01 9.730916703671829149e-01 2.008162972461927846e-04 2.345955087444462697e-02 3.247962461126563220e-03
1.117534650830894205e-01 9.729020260671478182e-01 2.073138818899908961e-04 2.357652518780113671e-02 3.314134863160816957e-03
1.132048087854672092e-01 9.726755592579739984e-01 2.129770790054542147e-04 2.372981156018229981e-02 3.381652102838389462e-03
1.146561524878449978e-01 9.724096178283139214e-01 2.177197888397685785e-04 2.392188818418551285e-02 3.450774198660226926e-03
1.161074961902227726e-01 9.721114132593691171e-01 2.215261876191452291e-04 2.414535111711280796e-02 3.521709435899105910e-03
1.175588398926005612e-01 9.717949089073402158e-01 2.244769411172169095e-04 2.438605185391734195e-02 3.594562297625474110e-03
1.190101835949783499e-01 9.714748790164723369e-01 2.267651066300896065e-04 2.462907986975758357e-02 3.669276007139998623e-03
1.204615272973561246e-01 9.711603197794987929e-01 2.286952009283644194e-04 2.486538922860948714e-02 3.745595790963313076e-03
1.219128709997339133e-01 9.708506126548025472e-01 2.306625044235702639e-04 2.509565538958670461e-02 3.823069451187056586e-03
1.233642147021117019e-01 9.705367962141145943e-01 2.331123243091602019e-04 2.532900177085444307e-02 3.901089690722246706e-03
1.248155584044894906e-01 9.702075854114020625e-01 2.364828366031323549e-04 2.557695867413929680e-02 3.978973077855495720e-03
1.262669021068672792e-01 9.698571452436913765e-01 2.411386788657798961e-04 2.584565600924695894e-02 4.056060068195407008e-03
1.277182458092450679e-01 9.694906233895145276e-01 2.473068397036645456e-04 2.613025843718853880e-02 4.131811333593312686e-03
1.291695895116228288e-01 9.691245086730103653e-01 2.550308442618621379e-04 2.641458278236233706e-02 4.205877700364924268e-03
1.306209332140006174e-01 9.687813574511580095e-01 2.641575243654935160e-04 2.667634968929301700e-02 4.278135335183406822e-03
1.320722769163784061e-01 9.684811439305208713e-01 2.743616158153179942e-04 2.689580440681027529e-02 4.348690046853577983e-03
1.335236206187561947e-01 9.682331952387229768e-01 2.852028079001787475e-04 2.706374744005688934e-02 4.417854513319881965e-03
1.349749643211339556e-01 9.680324238993390784e-01 2.962007479061137122e-04 2.718527734225651901e-02 4.486098010497701662e-03
1.364263080235117442e-01 9.678613668370054102e-01 3.069074266970712116e-04 2.727775384008970100e-02 4.553971896208023132e-03
1.378776517258895329e-01 9.676966875173234062e-01 3.169585897365738620e-04 2.736432808306211648e-02 4.622025809877749157e-03
1.393289954282673493e-01 9.675170571406891407e-01 3.260974278270864393e-04 2.746610621565262478e-02 4.690739215831023386e-03
1.407803391306451379e-01 9.673093779702217621e-01 3.341764946777046625e-04 2.759595717698007031e-02 4.760488358120209922e-03
1.422316828330229266e-01 9.670714104231048491e-01 3.411493709468662781e-04 2.775589309179584546e-02 4.831547114152475939e-03
1.436830265354006875e-01 9.668101609905763727e-01 3.470614633626818994e-04 2.793867949425685865e-02 4.904098051804039321e-03
1.451343702377784761e-01 9.665368311998141504e-01 3.520439749003915521e-04 2.813289594131570398e-02 4.978228883969594912e-03
1.465857139401562648e-01 9.662606709303594998e-01 3.563104960425388405e-04 2.832910836449862788e-02 5.053910209099228383e-03
1.480370576425340534e-01 9.659847463869390971e-01 3.601523577644680923e-04 2.852412909249916681e-02 5.130972162797381615e-03
1.494884013449118421e-01 9.657054501608725028e-01 3.639271230498259714e-04 2.872152189151131602e-02 5.209100824566231629e-03
1.509397450472896307e-01 9.654152011615411144e-01 3.680364555339781852e-04 2.892890275188597649e-02 5.287859631038564941e-03
1.523910887496673916e-01 9.651062039379196822e-01 3.728941318139723056e-04 2.915417655499449867e-02 5.366725375271392227e-03
1.538424324520451802e-01 9.647735836187072422e-01 3.788872130146180494e-04 2.940239873876305046e-02 5.445130429514998503e-03
1.552937761544229689e-01 9.644177445556311179e-01 3.863303018759697469e-04 2.967340710549320679e-02 5.522518036999858604e-03
1.567451198568007575e-01 9.640463591922022735e-01 3.954097093822721027e-04 2.995980770712827063e-02 5.598423391287151059e-03
1.581964635591785462e-01 9.636752214903274716e-01 4.061227826992272884e-04 3.024607897310308685e-02 5.672576753870179310e-03
1.596478072615563348e-01 9.633259214660923053e-01 4.182377937967292087e-04 3.051084320537872374e-02 5.744997534731594892e-03
1.610991509639340957e-01 9.630191885390283479e-01 4.313103175118750436e-04 3.073346887276966546e-02 5.816032270689704652e-03
1.625504946663118844e-01 9.627659353815294363e-01 4.447718629590046032e-04 3.090299257719128848e-02 5.886300178319817805e-03
1.640018383686896730e-01 9.625609077803313207e-01 4.580640374832273482e-04 3.102447814276916918e-02 5.956550039416162734e-03
1.654531820710674617e-01 9.623835012684121004e-01 4.707592733840646371e-04 3.111825493495648173e-02 6.027484523247438053e-03
1.669045257734452503e-01 9.622063445073310017e-01 4.826132373460937427e-04 3.121140696807341713e-02 6.099635287249051754e-03
1.683558694758230390e-01 9.620072870765450368e-01 4.935345985272299564e-04 3.132583474948093943e-02 6.173343575446874586e-03
1.698072131782007999e-01 9.617780376033897571e-01 5.035088308054275512e-04 3.146962490549661678e-02 6.248828660308321584e-03
1.712585568805785885e-01 9.615246670654191696e-01 5.125375910065324255e-04 3.163653023864532177e-02 6.326265104929286801e-03
1.727099005829563771e-01 9.612602440500875867e-01 5.206354990094201347e-04 3.181332948478583778e-02 6.405790966117128754e-03
1.741612442853341658e-01 9.609946378589155902e-01 5.278791140862043292e-04 3.199005062936962490e-02 6.487432397628723792e-03
1.756125879877119544e-01 9.607279113406608229e-01 5.344652089126463237e-04 3.216662158914505854e-02 6.571001861281311821e-03
1.770639316900897431e-01 9.604509579371002248e-01 5.407324172042135991e-04 3.235226097862987926e-02 6.656048667065705103e-03
1.785152753924675040e-01 9.601521491312260403e-01 5.471288637749652066e-04 3.255882172141473518e-02 6.741900283584056734e-03
1.799666190948452926e-01 9.598251833690125689e-01 5.541420778007613655e-04 3.279290290213589948e-02 6.827771651050590015e-03
1.814179627972230813e-01 9.594734007825557187e-01 5.622213718176609799e-04 3.305148954211755558e-02 6.912888303509239288e-03
1.828693064996008699e-01 9.591089316645985408e-01 5.717129023918975789e-04 3.332277044642638353e-02 6.996584986582936143e-03
1.843206502019786586e-01 9.587483402894203532e-01 5.828090309261092176e-04 3.359047088945998211e-02 7.078379790193316257e-03
1.857719939043564472e-01 9.584076294333261359e-01 5.955069590210868144e-04 3.383882170475291384e-02 7.158041902899788325e-03
1.872233376067342081e-01 9.580985673404269765e-01 6.095836467287167170e-04 3.405619843381603451e-02 7.235650579028317202e-03
1.886746813091119968e-01 9.578267509140837577e-01 6.246090527055325747e-04 3.423703020565371791e-02 7.311609827557303230e-03
1.901260250114897854e-01 9.575909588909172765e-01 6.400166177382886692e-04 3.438244385900128541e-02 7.386580632343356725e-03
1.915773687138675740e-01 9.573834926765344422e-01 6.552238507974460831e-04 3.449994886751441697e-02 7.461334605154317304e-03
1.930287124162453627e-01 9.571917236830331799e-01 6.697627423934635060e-04 3.460192628994776531e-02 7.536587284625354509e-03
1.944800561186231791e-01 9.570011448196852344e-01 6.833653853451796076e-04 3.470260420484332781e-02 7.612885590126096218e-03
1.959313998210009400e-01 9.567995581671900895e-01 6.959696112693392403e-04 3.481388583862482511e-02 7.690586382916280404e-03
1.973827435233787286e-01 9.565809999511135642e-01 7.076520655927764566e-04 3.494144284715242077e-02 7.769905136141146661e-03
1.988340872257565173e-01 9.563474477254132466e-01 7.185348573687643653e-04 3.508303762335839709e-02 7.850979793859199848e-03
2.002854309281343059e-01 9.561069975031770696e-01 7.287229884645552228e-04 3.523037990352908405e-02 7.933899604829451613e-03
2.017367746305120946e-01 9.558689112057561221e-01 7.383065341506582632e-04 3.537410570471122284e-02 8.018676555381661422e-03
2.031881183328898832e-01 9.556377179182224957e-01 7.474197378630245128e-04 3.550969343449746074e-02 8.105168909417167708e-03
2.046394620352676441e-01 9.554093431260680669e-01 7.563159615066343197e-04 3.564134688450049798e-02 8.192994027924803413e-03
2.060908057376454328e-01 9.551715485112883819e-01 7.654082700631304696e-04 3.578155719713336375e-02 8.281486021514591553e-03
2.075421494400232214e-01 9.549090096248480375e-01 7.752384168707406520e-04 3.594600128911719372e-02 8.369750669163828968e-03
2.089934931424010101e-01 9.546109999456008355e-01 7.863668337573475990e-04 3.614580058185131589e-02 8.456832638790098139e-03
2.104448368447787987e-01 9.542780647664766969e-01 7.992158505921923136e-04 3.638077143181747686e-02 8.541947951113586582e-03
2.118961805471565873e-01 9.539242037318608203e-01 8.139296017997106700e-04 3.663717821096484917e-02 8.624688455374732859e-03
2.133475242495343482e-01 9.535731109234770742e-01 8.303149160269233334e-04 3.689145954150822859e-02 8.705114618987593728e-03
2.147988679519121369e-01 9.532500003121390231e-01 8.478922660469182665e-04 3.711839499142195048e-02 8.783712430392161957e-03
2.162502116542899255e-01 9.529727582367448768e-01 8.660330111033987931e-04 3.729995712087572080e-02 8.861251631275950461e-03
2.177015553566677142e-01 9.527462923003089390e-01 8.841187968486625016e-04 3.743098037607271722e-02 8.938608526769824605e-03
2.191528990590455028e-01 9.525620162597873142e-01 9.016554176018707397e-04 3.751971855270883754e-02 9.016609769901885382e-03
2.206042427614232915e-01 9.524017150107499941e-01 9.183101687636173200e-04 3.758404330530043524e-02 9.095931515185931918e-03
2.220555864638010524e-01 9.522432823529710655e-01 9.338935568530697161e-04 3.764576286254919107e-02 9.177061227626306938e-03
2.235069301661788410e-01 9.520660000744183282e-01 9.483347871257824177e-04 3.772535975679402326e-02 9.260305381661919008e-03
2.249582738685566297e-01 9.518544972962390549e-01 9.616850774874983977e-04 3.783800406956067119e-02 9.345813556712599321e-03
2.264096175709344183e-01 9.516015883845282408e-01 9.741391364147183396e-04 3.799068286066683425e-02 9.433589618389900955e-03
2.278609612733122070e-01 9.513099298836481532e-01 9.860336950237138035e-04 3.818056246865782211e-02 9.523473952670259701e-03
2.293123049756899956e-01 9.509916749489387700e-01 9.977926712495348554e-04 3.839542464767770058e-02 9.615107732133986590e-03
2.307636486780677565e-01 9.506653465476095910e-01 1.009831768601985322e-03 3.861690376796509533e-02 9.707917915823618266e-03
2.322149923804455451e-01 9.503502408748951691e-01 1.022471249125800341e-03 3.882612534336620652e-02 9.801162532612735581e-03
2.336663360828233338e-01 9.500600367314054884e-01 1.035903259131454486e-03 3.901002331604418866e-02 9.894036693418635162e-03
2.351176797852011224e-01 9.497981522708123236e-01 1.050224348528780698e-03 3.916583312132908279e-02 9.985790259329663243e-03
2.365690234875789111e-01 9.495572807690707551e-01 1.065502953694660209e-03 3.930141544206042226e-02 1.007580083517459896e-02
2.380203671899566997e-01 9.493240582023534380e-01 1.081830278608797912e-03 3.943051824509317266e-02 1.016359327394457390e-02
2.394717108923344606e-01 9.490871494905485095e-01 1.099313202807393475e-03 3.956469027998393145e-02 1.024884702666020546e-02
2.409230545947122493e-01 9.488445872042802209e-01 1.118005994417602556e-03 3.970597623569754875e-02 1.033143056560456921e-02
2.423743982970900379e-01 9.486058799919734330e-01 1.137820604673902853e-03 3.984484442537483684e-02 1.041145497797810529e-02
2.438257419994678266e-01 9.483869830650264454e-01 1.158473414165873613e-03 3.996524272202123251e-02 1.048930079878646754e-02
2.452770857018456152e-01 9.482003922595382273e-01 1.179507316583817533e-03 4.005451820889070064e-02 1.056558221498724720e-02
2.467284294042234039e-01 9.480457981286531943e-01 1.200385019633942035e-03 4.011276036178411386e-02 1.064105648992877406e-02
2.481797731066011647e-01 9.479067700608140301e-01 1.220608665397222761e-03 4.015610425131467542e-02 1.071651702247401056e-02
2.496311168089789811e-01 9.477556822952029059e-01 1.239808844139327244e-03 4.021180532951790926e-02 1.079270353113998340e-02
2.510824605113567976e-01 9.475645913905825779e-01 1.257774790982451761e-03 4.030739224563264361e-02 1.087024157280179308e-02
2.525338042137345584e-01 9.473166813338131931e-01 1.274443551348476093e-03 4.045926708184951343e-02 1.094960803298908672e-02
2.539851479161123193e-01 9.470126695499179181e-01 1.289884567524372371e-03 4.066633327589379288e-02 1.103111260666380516e-02
2.554364916184901357e-01 9.466691549059603750e-01 1.304297066808694696e-03 4.091166095910946099e-02 1.111488706812132320e-02
2.568878353208678966e-01 9.463100485899673675e-01 1.318012583683945277e-03 4.117105652591523945e-02 1.120088230043324654e-02
2.583391790232456575e-01 9.459557860261472717e-01 1.331485257414208312e-03 4.142385153351384186e-02 1.128887718292444220e-02
2.597905227256234739e-01 9.456159107334565217e-01 1.345253425389987155e-03 4.166033691501363351e-02 1.137849892613960329e-02
2.612418664280012348e-01 9.452884226291430325e-01 1.359865406462337778e-03 4.188246036726538807e-02 1.146925159712937868e-02
2.626932101303790512e-01 9.449654726709187935e-01 1.375783675562529309e-03 4.209818956275422630e-02 1.156055409076480953e-02
2.641445538327568121e-01 9.446417279349177409e-01 1.393303507874607203e-03 4.231317874984161231e-02 1.165178980736574811e-02
2.655958975351346285e-01 9.443205839141692870e-01 1.412521973405947559e-03 4.252453185790365520e-02 1.174236225452117942e-02
2.670472412375123894e-01 9.440148206892224891e-01 1.433363325750438774e-03 4.272006781023290206e-02 1.183174817479441809e-02
2.684985849398902058e-01 9.437415442517734787e-01 1.455628196891203471e-03 4.288327660645503692e-02 1.191955094487992355e-02
2.699499286422679112e-01 9.435145203380295165e-01 1.479021771654035443e-03 4.300089288509043733e-02 1.200556500522646265e-02
2.714012723446457276e-01 9.433382971733078604e-01 1.503147299084609759e-03 4.306870511850252603e-02 1.208985040910482735e-02
2.728526160470234885e-01 9.432069821856006175e-01 1.527498045066309372e-03 4.309272692331359011e-02 1.217279284601934138e-02
2.743039597494013049e-01 9.431073026819404292e-01 1.551491949562587526e-03 4.308609682720963840e-02 1.225510854128809661e-02
2.757553034517790658e-01 9.430231035467324663e-01 1.574555998002279394e-03 4.306458131620725938e-02 1.233775913905808125e-02
2.772066471541568822e-01 9.429385220494025388e-01 1.596224405948554756e-03 4.304347993325689098e-02 1.242177361139202782e-02
2.786579908565346986e-01 9.428392113664086915e-01 1.616208770477605382e-03 4.303655645375015909e-02 1.250802340936370965e-02
2.801093345589124595e-01 9.427129246445430377e-01 1.634424199160240156e-03 4.305561770244008268e-02 1.259703345385664898e-02
2.815606782612902759e-01 9.425508302183777110e-01 1.650980596934281978e-03 4.310928945217172570e-02 1.268889973251617100e-02
2.830120219636680368e-01 9.423494153274510898e-01 1.666156233868387997e-03 4.320110450874693753e-02 1.278332392993319390e-02
2.844633656660458532e-01 9.421115070282944925e-01 1.680367241947576442e-03 4.332841187673185102e-02 1.287971385302607089e-02
2.859147093684236141e-01 9.418451826333755772e-01 1.694140124535593438e-03 4.348339228006971313e-02 1.297728496201882957e-02
2.873660530708013749e-01 9.415608189386428517e-01 1.708086345143458888e-03 4.365596057286198067e-02 1.307513414335173020e-02
2.888173967731791358e-01 9.412677626843826140e-01 1.722869651984078841e-03 4.383707010962628603e-02 1.317229755400725795e-02
2.902687404755569522e-01 9.409722426238043003e-01 1.739152992679474530e-03 4.402079161124746592e-02 1.326781277226852206e-02
2.917200841779347131e-01 9.406774829343400590e-01 1.757519009750815962e-03 4.420420724402735618e-02 1.336079081188202601e-02
2.931714278803125295e-01 9.403859604507611714e-01 1.778374177014358133e-03 4.438516728633135067e-02 1.345049808589289346e-02
2.946227715826902904e-01 9.401025870457129230e-01 1.801858497632296847e-03 4.455909921967005083e-02 1.353645523698469161e-02
2.960741152850681068e-01 9.398368689505249840e-01 1.827784819217074651e-03 4.471679834194664666e-02 1.361854788831099589e-02
2.975254589874458677e-01 9.396024341710127459e-01 1.855631306102722543e-03 4.484482846738430811e-02 1.369710605549976853e-02
2.989768026898236841e-01 9.394135296892113240e-01 1.884605163121207865e-03 4.492897552918872356e-02 1.377288961847854785e-02
3.004281463922014450e-01 9.392794344003487783e-01 1.913773963633143673e-03 4.495983509836377900e-02 1.384695653765373111e-02
3.018794900945792614e-01 9.391987999978712587e-01 1.942226982749879760e-03 4.493851213946004064e-02 1.392046087991852948e-02
3.033308337969570223e-01 9.391565656593435785e-01 1.969207944611361082e-03 4.487976130147986603e-02 1.399446509456524039e-02
3.047821774993347832e-01 9.391258147954956170e-01 1.994177638849731985e-03 4.481017975942007403e-02 1.406982780623432412e-02
3.062335212017125441e-01 9.390751127551120181e-01 2.016814397360458359e-03 4.476090004508323505e-02 1.414717280244419395e-02
3.076848649040903605e-01 9.389788011678846802e-01 2.036999550004111540e-03 4.475729646714885629e-02 1.422690281496253976e-02
3.091362086064681214e-01 9.388253800428597584e-01 2.054826640459352267e-03 4.481057684854888173e-02 1.430921646813200152e-02
3.105875523088459378e-01 9.386196705521995254e-01 2.070629717799354289e-03 4.491559150537528800e-02 1.439410822462586052e-02
3.120388960112236987e-01 9.383779362739735896e-01 2.084990340209799242e-03 4.505571638177441329e-02 1.448135700404241250e-02
3.134902397136015151e-01 9.381190807957558997e-01 2.098683483827878428e-03 4.521170904533984569e-02 1.457052667507635103e-02
3.149415834159792760e-01 9.378567485434845530e-01 2.112558251664881266e-03 4.536969052215368559e-02 1.466100268269660521e-02
3.163929271183570924e-01 9.375958793399858937e-01 2.127394127253816759e-03 4.552465767275446634e-02 1.475206886000553046e-02
3.178442708207348533e-01 9.373343719387980943e-01 2.143792622131099942e-03 4.567883419704747705e-02 1.484300124202380874e-02
3.192956145231126697e-01 9.370680357960179396e-01 2.162143361559724919e-03 4.583667440105912427e-02 1.493314644136310536e-02
3.207469582254903750e-01 9.367960131383552547e-01 2.182659783102427944e-03 4.599935848987485310e-02 1.502196858866738233e-02
3.221983019278681915e-01 9.365241347156180174e-01 2.205439827158491017e-03 4.616134864655068587e-02 1.510907681067258541e-02
3.236496456302459523e-01 9.362647296629474925e-01 2.230490991252418592e-03 4.631051605749320760e-02 1.519426328830672523e-02
3.251009893326237687e-01 9.360329978296398901e-01 2.257681617525993546e-03 4.643174861722842994e-02 1.527757193560599219e-02
3.265523330350015296e-01 9.358417288008253898e-01 2.286640911524779642e-03 4.651225109839624006e-02 1.535937918925329125e-02
3.280036767373793460e-01 9.356969173729628997e-01 2.316688090698593508e-03 4.654596443909644887e-02 1.544043009724228692e-02
3.294550204397571069e-01 9.355959810755657413e-01 2.346871080131268314e-03 4.653537794722743814e-02 1.552176989707582631e-02
3.309063641421349233e-01 9.355285436528342213e-01 2.376132935569301267e-03 4.649077140042270906e-02 1.560455201117347777e-02
3.323577078445126842e-01 9.354786496037332810e-01 2.403548864724791480e-03 4.642803168062731300e-02 1.568976985091453252e-02
3.338090515468905006e-01 9.354274070279415820e-01 2.428536077001140076e-03 4.636603915713485846e-02 1.577801773792259638e-02
3.352603952492683170e-01 9.353556314191695531e-01 2.450951457968363143e-03 4.632402666672612301e-02 1.586939045613569577e-02
3.367117389516460779e-01 9.352463060263888073e-01 2.471049460882824428e-03 4.631908463785692348e-02 1.596355987487172237e-02
3.381630826540238943e-01 9.350867450855141483e-01 2.489340230949763262e-03 4.636394980238316837e-02 1.605996488115289667e-02
3.396144263564015997e-01 9.348705622458999276e-01 2.506426268179497239e-03 4.646501289934545226e-02 1.615799858657473650e-02
3.410657700587794161e-01 9.345995112658853632e-01 2.522889371395927414e-03 4.662049256371074424e-02 1.625710679900803715e-02
3.425171137611571770e-01 9.342845464733963157e-01 2.539259512649849095e-03 4.681941290224125862e-02 1.635678111171243176e-02
3.439684574635349934e-01 9.339447100288111869e-01 2.556048198833135721e-03 4.704275810269435698e-02 1.645648366966096648e-02
3.454198011659127543e-01 9.336029621641903642e-01 2.573797128236741168e-03 4.726767690517132137e-02 1.655556380240133865e-02
3.468711448682905707e-01 9.332799909656546156e-01 2.593093279629314803e-03 4.747368999435334913e-02 1.665322576036281851e-02
3.483224885706683316e-01 9.329888737180795921e-01 2.614527579311120946e-03 4.764801616732386447e-02 1.674858253528510588e-02
3.497738322730461480e-01 9.327334718078498232e-01 2.638605006004882819e-03 4.778713403844651181e-02 1.684078914769909785e-02
3.512251759754239089e-01 9.325113259123981591e-01 2.665632098476554412e-03 4.789383148229157255e-02 1.692921050683353357e-02
3.526765196778017253e-01 9.323190136356709345e-01 2.695611832456863526e-03 4.797180976995690099e-02 1.701356476191545272e-02
3.541278633801794862e-01 9.321564257740556636e-01 2.728174036512008571e-03 4.802140089045490307e-02 1.709399929897741088e-02
3.555792070825573026e-01 9.320271803790856069e-01 2.762566514230214119e-03 4.803916296585390711e-02 1.717109014082975060e-02
3.570305507849350080e-01 9.319347848639727427e-01 2.797723096225459248e-03 4.802171103375835193e-02 1.724578100604325787e-02
3.584818944873128244e-01 9.318767039814903619e-01 2.832403846605035906e-03 4.797161134104346164e-02 1.731928083086141726e-02
3.599332381896905853e-01 9.318399474860284970e-01 2.865376770286622889e-03 4.790174679584300460e-02 1.739292894784157800e-02
3.613845818920684017e-01 9.318014209662457414e-01 2.895598096574985951e-03 4.783494697093066544e-02 1.746803396624875201e-02
3.628359255944461625e-01 9.317339344985235972e-01 2.922357952331254213e-03 4.779801104291869079e-02 1.754569650622610222e-02
3.642872692968239789e-01 9.316153926917093431e-01 2.945377383554370881e-03 4.781259974637881022e-02 1.762663017835701396e-02
3.657386129992017398e-01 9.314364158543598782e-01 2.964851150215350693e-03 4.788772405959909606e-02 1.771100893582582339e-02
3.671899567015795562e-01 9.312023211833316827e-01 2.981424225839870122e-03 4.801785812838013645e-02 1.779839646244810517e-02
3.686413004039573171e-01 9.309287891605895204e-01 2.996089064969127691e-03 4.818730423152045583e-02 1.788781754292116666e-02
3.700926441063351335e-01 9.306342335588219106e-01 3.010015423370149268e-03 4.837777660747675373e-02 1.797797441033117949e-02
3.715439878087128944e-01 9.303333227057142274e-01 3.024361676240945769e-03 4.857478811164669952e-02 1.806752750639803451e-02
3.729953315110906553e-01 9.300346814123113814e-01 3.040132600418156243e-03 4.876985733986508031e-02 1.815532864740534644e-02
3.744466752134684162e-01 9.297429882745297247e-01 3.058127110443662790e-03 4.895834674161401306e-02 1.824053787341283275e-02
3.758980189158462326e-01 9.294633098401912097e-01 3.078969361179768362e-03 4.913509501954858860e-02 1.832262577908000747e-02
3.773493626182239935e-01 9.292045427434321159e-01 3.103161874066426122e-03 4.929097847187854237e-02 1.840131691062289396e-02
3.788007063206018099e-01 9.289794336471332015e-01 3.131076809159735307e-03 4.941293702222932654e-02 1.847655252147793400e-02
3.802520500229795708e-01 9.288005962905353519e-01 3.162841830320833360e-03 4.948803286237660193e-02 1.854852901676710270e-02
3.817033937253573872e-01 9.286744302652161220e-01 3.198163654270352700e-03 4.950960683131420959e-02 1.861779924919913440e-02
3.831547374277351481e-01 9.285963849155108862e-01 3.236199736817776430e-03 4.948206648266902097e-02 1.868534886500213335e-02
3.846060811301129645e-01 9.285504751933960632e-01 3.275583179895043620e-03 4.942139723951825825e-02 1.875254438719036257e-02
3.860574248324907254e-01 9.285136846237703745e-01 3.314635058849210031e-03 4.935075960991151811e-02 1.882092070746917145e-02
3.875087685348685418e-01 9.284633834885271941e-01 3.351707102890984138e-03 4.929302623421497054e-02 1.889188317436648473e-02
3.889601122372463582e-01 9.283845367725599429e-01 3.385528646162080067e-03 4.926348098138553372e-02 1.896645359989227245e-02
3.904114559396240636e-01 9.282737574688405546e-01 3.415420340987526150e-03 4.926567024272141687e-02 1.904515194745054485e-02
3.918627996420018800e-01 9.281387698115786122e-01 3.441301815591261970e-03 4.929190422322090454e-02 1.912802414960913799e-02
3.933141433443796409e-01 9.279937508602730256e-01 3.463533559500461996e-03 4.932795139666443229e-02 1.921476418356174790e-02
3.947654870467574573e-01 9.278525403004885819e-01 3.482722549970246155e-03 4.935988837590829514e-02 1.930484877363239371e-02
3.962168307491352182e-01 9.277223509317360506e-01 3.499618404777352174e-03 4.938042772387881557e-02 1.939760293960762771e-02
3.976681744515130346e-01 9.276002529855212897e-01 3.515130945516539620e-03 4.939245535540517928e-02 1.949216071355712801e-02
3.991195181538907955e-01 9.274735847322380655e-01 3.530388899296839876e-03 4.940865489368338748e-02 1.958737147478138013e-02
4.005708618562686119e-01 9.273240347313957965e-01 3.546719773090295166e-03 4.944747798133047184e-02 1.968176751418353534e-02
4.020222055586463727e-01 9.271340292422622920e-01 3.565484162692226719e-03 4.952679657023257437e-02 1.977369002481262766e-02
4.034735492610241891e-01 9.268935597503398238e-01 3.587799848155159843e-03 4.965706911629381298e-02 1.986157128521121029e-02
4.049248929634019500e-01 9.266054222965071085e-01 3.614274235391187230e-03 4.983604340535723737e-02 1.994426006274467242e-02
4.063762366657797664e-01 9.262867939694470198e-01 3.644875637094768112e-03 5.004709159049706979e-02 2.002123880296156899e-02
4.078275803681574718e-01 9.259657502220878245e-01 3.679005759172597565e-03 5.026259497422606859e-02 2.009264904451336931e-02
4.092789240705352882e-01 9.256732675030656665e-01 3.715727351574544049e-03 5.045183942573098351e-02 2.015916571962884929e-02
4.107302677729130491e-01 9.254336011095375403e-01 3.754018680557938588e-03 5.059054217502505224e-02 2.022183803487961895e-02
4.121816114752908655e-01 9.252570444201946298e-01 3.792925305245117319e-03 5.066804538108535955e-02 2.028198489347456807e-02
4.136329551776686264e-01 9.251381848754430814e-01 3.831563862556042720e-03 5.068910582022131961e-02 2.034114544177954842e-02
4.150842988800464428e-01 9.250602828652038090e-01 3.869041950531006916e-03 5.066964602387154237e-02 2.040102916039367512e-02
4.165356425824242037e-01 9.250033760646267922e-01 3.904411458245040864e-03 5.062880332106182990e-02 2.046340915606625205e-02
4.179869862848020201e-01 9.249517687740701488e-01 3.936741409008254894e-03 5.058156112137359578e-02 2.052992869554806296e-02
4.194383299871797810e-01 9.248972075276827853e-01 3.965315697074079521e-03 5.053564457662661907e-02 2.060183219861652995e-02
4.208896736895575974e-01 9.248370492703379409e-01 3.989876579467400118e-03 5.049338554430039122e-02 2.067968860589416633e-02
4.223410173919353583e-01 9.247698605069352151e-01 4.010784004391074187e-03 5.045613557139397298e-02 2.076321991727994934e-02
4.237923610943131747e-01 9.246919266964382933e-01 4.028984462818337685e-03 5.042775596847386133e-02 2.085133287226922580e-02
4.252437047966908801e-01 9.245968224008150882e-01 4.045787575759468221e-03 5.041502742932853220e-02 2.094236259409662862e-02
4.266950484990686965e-01 9.244778560923961885e-01 4.062564286346627244e-03 5.042515255794221413e-02 2.103442706331480963e-02
4.281463922014464574e-01 9.243314118664648360e-01 4.080511215915993625e-03 5.046233127892183618e-02 2.112574563869731165e-02
4.295977359038242738e-01 9.241589360838093903e-01 4.100549617743976839e-03 5.052568490791981698e-02 2.121482939052676819e-02
4.310490796062020347e-01 9.239666276150585444e-01 4.123319223021552904e-03 5.060949763154216907e-02 2.130055553037781338e-02
4.325004233085798511e-01 9.237636514562043155e-01 4.149179727314124960e-03 5.070496674474406912e-02 2.138220207173723020e-02
4.339517670109576120e-01 9.235603825390925614e-01 4.178172060943011884e-03 5.080195092005803520e-02 2.145949447990624578e-02
4.354031107133354284e-01 9.233674722193825346e-01 4.209968282102504247e-03 5.088991744807287027e-02 2.153264205044224874e-02
4.368544544157131893e-01 9.231954195874439995e-01 4.243881633508283721e-03 5.095839997206046829e-02 2.160229880698718435e-02
4.383057981180910057e-01 9.230538143452665656e-01 4.278981741095509023e-03 5.099778996741048676e-02 2.166941394622769190e-02
4.397571418204687665e-01 9.229496918916546555e-01 4.314286706946221690e-03 5.100100848020001215e-02 2.173501292119877498e-02
4.412084855228465829e-01 9.228851377024823721e-01 4.348945644376231955e-03 5.096591303018910279e-02 2.180000362295227839e-02
4.426598292252242883e-01 9.228549497947202696e-01 4.382333032554593111e-03 5.089763628739007312e-02 2.186508088533533484e-02
4.441111729276021047e-01 9.228456122289104835e-01 4.414043902346301285e-03 5.080961752872363568e-02 2.193072634001934015e-02
4.455625166299799211e-01 9.228368714737024137e-01 4.443845747219995167e-03 5.072203686542017809e-02 2.199724591365712426e-02
4.470138603323576820e-01 9.228063935602749401e-01 4.471651762149636902e-03 5.065715587025138023e-02 2.206479880732408264e-02
4.484652040347354984e-01 9.227362579770436168e-01 4.497532488894493731e-03 5.063279315125302632e-02 2.213341638280885010e-02
4.499165477371132593e-01 9.226184820296248201e-01 4.521732577769887150e-03 5.065675369187704752e-02 2.220303170072793209e-02
4.513678914394910757e-01 9.224567996780060897e-01 4.544651769755121869e-03 5.072501946425433950e-02 2.227352908798443942e-02
4.528192351418688366e-01 9.222638091674946192e-01 4.566782286530310028e-03 5.082460851306100369e-02 2.234480003291424224e-02
4.542705788442466530e-01 9.220550771649161925e-01 4.588632630921956647e-03 5.093951841854568036e-02 2.241677178561624073e-02
4.557219225466244139e-01 9.218432552476034658e-01 4.610679615285181651e-03 5.105669655936818235e-02 2.248936857774354661e-02
4.571732662490022303e-01 9.216350657467625718e-01 4.633370486670961713e-03 5.116917083504902292e-02 2.256239293151689890e-02
4.586246099513799912e-01 9.214323528779175820e-01 4.657158866682100870e-03 5.127510913521479002e-02 2.263537912018534839e-02
4.600759536537577521e-01 9.212359712081240604e-01 4.682526453772564885e-03 5.137397490832242702e-02 2.270752742978088962e-02
4.615272973561355130e-01 9.210494422698207728e-01 4.709941422773655101e-03 5.146280134300958847e-02 2.277781496439642075e-02
4.629786410585133294e-01 9.208795106054060708e-01 4.739740080767627928e-03 5.153546272246776333e-02 2.284528659135860382e-02
